  0.00000       0.0
  0.01000       0.0
  0.02000       0.0
  0.03000       0.0
  0.04000       0.0
  0.05000       0.0
  0.06000       0.0
  0.07000       0.0
  0.08000       0.0
  0.09000       0.0
  0.10000       0.0
  0.11000       0.0
  0.12000       0.0
  0.13000       0.0
  0.14000       0.0
  0.15000       0.0
  0.16000       0.0
  0.17000       0.0
  0.18000       0.0
  0.19000       0.0
  0.20000       0.0
  0.21000       0.0
  0.22000       0.0
  0.23000       0.0
  0.24000       0.0
  0.25000       0.0
  0.26000       0.0
  0.27000       0.0
  0.28000       0.0
  0.29000       0.0
  0.30000       0.0
  0.31000       0.0
  0.32000       0.0
  0.33000       0.0
  0.34000       0.0
  0.35000       0.0
  0.36000       0.0
  0.37000       0.0
  0.38000       0.0
  0.39000       0.0
  0.40000       0.0
  0.41000       0.0
  0.42000       0.0
  0.43000       0.0
  0.44000       0.0
  0.45000       0.0
  0.46000       0.0
  0.47000       0.0
  0.48000       0.0
  0.49000       0.0
  0.50000       0.0
  0.51000       0.0
  0.52000       0.0
  0.53000       0.0
  0.54000       0.0
  0.55000       0.0
  0.56000       0.0
  0.57000       0.0
  0.58000       0.0
  0.59000       0.0
  0.60000       0.0
  0.61000       0.0
  0.62000       0.0
  0.63000       0.0
  0.64000       0.0
  0.65000       0.0
  0.66000       0.0
  0.67000       0.0
  0.68000       0.0
  0.69000       0.0
  0.70000       0.0
  0.71000       0.0
  0.72000       0.0
  0.73000       0.0
  0.74000       0.0
  0.75000       0.0
  0.76000       0.0
  0.77000       0.0
  0.78000       0.0
  0.79000       0.0
  0.80000       0.0
  0.81000       0.0
  0.82000       0.0
  0.83000       0.0
  0.84000       0.0
  0.85000       0.0
  0.86000       0.0
  0.87000       0.0
  0.88000       0.0
  0.89000       0.0
  0.90000       0.0
  0.91000       0.0
  0.92000       0.0
  0.93000       0.0
  0.94000       1.0
  0.95000       0.0
  0.96000       0.0
  0.97000       0.0
  0.98000       0.0
  0.99000       0.0
  1.00000       0.0
  1.01000       0.0
  1.02000       0.0
  1.03000       0.0
  1.04000       0.0
  1.05000       0.0
  1.06000       0.0
  1.07000       0.0
  1.08000       0.0
  1.09000       0.0
  1.10000       0.0
  1.11000       0.0
  1.12000       0.0
  1.13000       0.0
  1.14000       0.0
  1.15000       0.0
  1.16000       0.0
  1.17000       0.0
  1.18000       0.0
  1.19000       0.0
  1.20000       0.0
  1.21000       0.0
  1.22000       1.0
  1.23000       0.0
  1.24000       0.0
  1.25000       0.0
  1.26000       0.0
  1.27000       0.0
  1.28000       0.0
  1.29000       0.0
  1.30000       0.0
  1.31000       0.0
  1.32000       0.0
  1.33000       0.0
  1.34000       0.0
  1.35000       0.0
  1.36000       0.0
  1.37000       0.0
  1.38000       0.0
  1.39000       0.0
  1.40000       0.0
  1.41000       0.0
  1.42000       0.0
  1.43000       0.0
  1.44000       0.0
  1.45000       0.0
  1.46000       1.0
  1.47000       0.0
  1.48000       0.0
  1.49000       1.0
  1.50000       2.0
  1.51000       2.0
  1.52000       1.0
  1.53000       0.0
  1.54000       0.0
  1.55000       0.0
  1.56000       0.0
  1.57000       0.0
  1.58000       0.0
  1.59000       0.0
  1.60000       1.0
  1.61000       0.0
  1.62000       0.0
  1.63000       0.0
  1.64000       0.0
  1.65000       0.0
  1.66000       0.0
  1.67000       0.0
  1.68000       0.0
  1.69000       3.0
  1.70000       5.0
  1.71000       6.0
  1.72000       6.0
  1.73000       9.0
  1.74000       3.0
  1.75000       7.0
  1.76000      11.0
  1.77000       7.0
  1.78000       3.0
  1.79000       5.0
  1.80000       4.0
  1.81000       4.0
  1.82000       1.0
  1.83000       1.0
  1.84000       0.0
  1.85000       0.0
  1.86000       0.0
  1.87000       0.0
  1.88000       1.0
  1.89000       1.0
  1.90000       0.0
  1.91000       0.0
  1.92000       0.0
  1.93000       0.0
  1.94000       0.0
  1.95000       1.0
  1.96000       1.0
  1.97000       0.0
  1.98000       1.0
  1.99000       0.0
  2.00000       2.0
  2.01000       1.0
  2.02000       0.0
  2.03000       2.0
  2.04000       0.0
  2.05000       0.0
  2.06000       0.0
  2.07000       0.0
  2.08000       0.0
  2.09000       0.0
  2.10000       0.0
  2.11000       0.0
  2.12000       0.0
  2.13000       0.0
  2.14000       0.0
  2.15000       0.0
  2.16000       0.0
  2.17000       0.0
  2.18000       0.0
  2.19000       0.0
  2.20000       0.0
  2.21000       0.0
  2.22000       0.0
  2.23000       0.0
  2.24000       0.0
  2.25000       0.0
  2.26000       0.0
  2.27000       0.0
  2.28000       0.0
  2.29000       1.0
  2.30000       0.0
  2.31000       0.0
  2.32000       0.0
  2.33000       0.0
  2.34000       0.0
  2.35000       0.0
  2.36000       0.0
  2.37000       0.0
  2.38000       0.0
  2.39000       0.0
  2.40000       0.0
  2.41000       0.0
  2.42000       1.0
  2.43000       1.0
  2.44000       0.0
  2.45000       0.0
  2.46000       1.0
  2.47000       0.0
  2.48000       0.0
  2.49000       0.0
  2.50000       0.0
  2.51000       0.0
  2.52000       0.0
  2.53000       0.0
  2.54000       1.0
  2.55000       0.0
  2.56000       0.0
  2.57000       0.0
  2.58000       0.0
  2.59000       0.0
  2.60000       0.0
  2.61000       0.0
  2.62000       0.0
  2.63000       0.0
  2.64000       1.0
  2.65000       0.0
  2.66000       0.0
  2.67000       0.0
  2.68000       0.0
  2.69000       0.0
  2.70000       1.0
  2.71000       0.0
  2.72000       1.0
  2.73000       0.0
  2.74000       0.0
  2.75000       1.0
  2.76000       1.0
  2.77000       0.0
  2.78000       0.0
  2.79000       0.0
  2.80000       0.0
  2.81000       0.0
  2.82000       2.0
  2.83000       0.0
  2.84000       0.0
  2.85000       0.0
  2.86000       0.0
  2.87000       0.0
  2.88000       0.0
  2.89000       2.0
  2.90000       0.0
  2.91000       0.0
  2.92000       0.0
  2.93000       0.0
  2.94000       0.0
  2.95000       0.0
  2.96000       0.0
  2.97000       0.0
  2.98000       1.0
  2.99000       0.0
  3.00000       0.0
  3.01000       0.0
  3.02000       0.0
  3.03000       0.0
  3.04000       1.0
  3.05000       0.0
  3.06000       0.0
  3.07000       0.0
  3.08000       0.0
  3.09000       0.0
  3.10000       0.0
  3.11000       0.0
  3.12000       1.0
  3.13000       1.0
  3.14000       1.0
  3.15000       0.0
  3.16000       0.0
  3.17000       0.0
  3.18000       1.0
  3.19000       0.0
  3.20000       0.0
  3.21000       1.0
  3.22000       1.0
  3.23000       2.0
  3.24000       3.0
  3.25000       5.0
  3.26000       7.0
  3.27000       3.0
  3.28000       6.0
  3.29000       6.0
  3.30000       9.0
  3.31000      12.0
  3.32000       5.0
  3.33000       9.0
  3.34000       8.0
  3.35000       6.0
  3.36000      12.0
  3.37000       7.0
  3.38000       7.0
  3.39000       3.0
  3.40000       2.0
  3.41000       1.0
  3.42000       2.0
  3.43000       0.0
  3.44000       0.0
  3.45000       0.0
  3.46000       0.0
  3.47000       0.0
  3.48000       0.0
  3.49000       0.0
  3.50000       0.0
  3.51000       0.0
  3.52000       1.0
  3.53000       0.0
  3.54000       1.0
  3.55000       0.0
  3.56000       2.0
  3.57000       3.0
  3.58000       3.0
  3.59000       2.0
  3.60000       5.0
  3.61000       8.0
  3.62000       7.0
  3.63000      13.0
  3.64000       6.0
  3.65000      13.0
  3.66000      14.0
  3.67000      23.0
  3.68000      25.0
  3.69000      27.0
  3.70000      25.0
  3.71000      29.0
  3.72000      32.0
  3.73000      28.0
  3.74000      21.0
  3.75000      16.0
  3.76000      14.0
  3.77000      15.0
  3.78000       6.0
  3.79000       7.0
  3.80000       1.0
  3.81000       3.0
  3.82000       3.0
  3.83000       0.0
  3.84000       0.0
  3.85000       0.0
  3.86000       0.0
  3.87000       1.0
  3.88000       2.0
  3.89000       0.0
  3.90000       1.0
  3.91000       2.0
  3.92000       1.0
  3.93000       0.0
  3.94000       2.0
  3.95000       3.0
  3.96000       4.0
  3.97000       4.0
  3.98000       1.0
  3.99000       2.0
  4.00000       3.0
  4.01000       8.0
  4.02000       5.0
  4.03000       3.0
  4.04000       4.0
  4.05000       2.0
  4.06000       5.0
  4.07000       9.0
  4.08000       4.0
  4.09000       1.0
  4.10000       1.0
  4.11000       2.0
  4.12000       1.0
  4.13000       0.0
  4.14000       0.0
  4.15000       1.0
  4.16000       1.0
  4.17000       0.0
  4.18000       0.0
  4.19000       0.0
  4.20000       0.0
  4.21000       0.0
  4.22000       0.0
  4.23000       0.0
  4.24000       1.0
  4.25000       0.0
  4.26000       0.0
  4.27000       0.0
  4.28000       0.0
  4.29000       0.0
  4.30000       0.0
  4.31000       0.0
  4.32000       0.0
  4.33000       0.0
  4.34000       0.0
  4.35000       0.0
  4.36000       0.0
  4.37000       2.0
  4.38000       0.0
  4.39000       2.0
  4.40000       4.0
  4.41000       2.0
  4.42000       1.0
  4.43000       7.0
  4.44000       5.0
  4.45000      12.0
  4.46000       7.0
  4.47000      20.0
  4.48000      18.0
  4.49000      18.0
  4.50000      22.0
  4.51000      16.0
  4.52000      17.0
  4.53000      12.0
  4.54000      21.0
  4.55000      17.0
  4.56000      10.0
  4.57000       8.0
  4.58000       8.0
  4.59000       9.0
  4.60000       8.0
  4.61000       3.0
  4.62000       1.0
  4.63000       0.0
  4.64000       2.0
  4.65000       2.0
  4.66000       0.0
  4.67000       2.0
  4.68000       0.0
  4.69000       1.0
  4.70000       1.0
  4.71000       1.0
  4.72000       1.0
  4.73000       0.0
  4.74000       0.0
  4.75000       0.0
  4.76000       0.0
  4.77000       0.0
  4.78000       1.0
  4.79000       1.0
  4.80000       1.0
  4.81000       0.0
  4.82000       2.0
  4.83000       0.0
  4.84000       1.0
  4.85000       0.0
  4.86000       2.0
  4.87000       2.0
  4.88000       4.0
  4.89000       1.0
  4.90000       7.0
  4.91000       2.0
  4.92000       1.0
  4.93000       3.0
  4.94000       5.0
  4.95000       6.0
  4.96000       4.0
  4.97000       2.0
  4.98000       4.0
  4.99000       2.0
  5.00000       2.0
  5.01000       0.0
  5.02000       0.0
  5.03000       0.0
  5.04000       0.0
  5.05000       0.0
  5.06000       1.0
  5.07000       0.0
  5.08000       0.0
  5.09000       0.0
  5.10000       1.0
  5.11000       0.0
  5.12000       0.0
  5.13000       0.0
  5.14000       0.0
  5.15000       1.0
  5.16000       0.0
  5.17000       0.0
  5.18000       1.0
  5.19000       0.0
  5.20000       1.0
  5.21000       0.0
  5.22000       1.0
  5.23000       0.0
  5.24000       0.0
  5.25000       2.0
  5.26000       0.0
  5.27000       0.0
  5.28000       0.0
  5.29000       0.0
  5.30000       0.0
  5.31000       0.0
  5.32000       0.0
  5.33000       0.0
  5.34000       0.0
  5.35000       2.0
  5.36000       0.0
  5.37000       0.0
  5.38000       3.0
  5.39000       0.0
  5.40000       3.0
  5.41000       0.0
  5.42000       1.0
  5.43000       0.0
  5.44000       0.0
  5.45000       0.0
  5.46000       0.0
  5.47000       0.0
  5.48000       0.0
  5.49000       1.0
  5.50000       3.0
  5.51000       1.0
  5.52000       0.0
  5.53000       0.0
  5.54000       0.0
  5.55000       0.0
  5.56000       0.0
  5.57000       0.0
  5.58000       1.0
  5.59000       1.0
  5.60000       0.0
  5.61000       0.0
  5.62000       1.0
  5.63000       0.0
  5.64000       1.0
  5.65000       0.0
  5.66000       0.0
  5.67000       1.0
  5.68000       1.0
  5.69000       0.0
  5.70000       3.0
  5.71000       1.0
  5.72000       0.0
  5.73000       0.0
  5.74000       0.0
  5.75000       1.0
  5.76000       0.0
  5.77000       0.0
  5.78000       1.0
  5.79000       0.0
  5.80000       0.0
  5.81000       0.0
  5.82000       0.0
  5.83000       0.0
  5.84000       1.0
  5.85000       0.0
  5.86000       0.0
  5.87000       1.0
  5.88000       2.0
  5.89000       0.0
  5.90000       2.0
  5.91000       2.0
  5.92000       1.0
  5.93000       0.0
  5.94000       0.0
  5.95000       1.0
  5.96000       1.0
  5.97000       1.0
  5.98000       1.0
  5.99000       0.0
  6.00000       0.0
  6.01000       1.0
  6.02000       1.0
  6.03000       0.0
  6.04000       0.0
  6.05000       0.0
  6.06000       0.0
  6.07000       1.0
  6.08000       0.0
  6.09000       1.0
  6.10000       1.0
  6.11000       1.0
  6.12000       1.0
  6.13000       0.0
  6.14000       1.0
  6.15000       0.0
  6.16000       2.0
  6.17000       1.0
  6.18000       0.0
  6.19000       1.0
  6.20000       2.0
  6.21000       3.0
  6.22000       1.0
  6.23000       4.0
  6.24000       3.0
  6.25000       6.0
  6.26000       9.0
  6.27000      12.0
  6.28000      15.0
  6.29000      27.0
  6.30000      20.0
  6.31000      26.0
  6.32000      43.0
  6.33000      71.0
  6.34000      70.0
  6.35000      91.0
  6.36000      87.0
  6.37000     103.0
  6.38000     121.0
  6.39000     136.0
  6.40000     140.0
  6.41000     128.0
  6.42000     131.0
  6.43000     134.0
  6.44000     124.0
  6.45000     115.0
  6.46000      84.0
  6.47000      94.0
  6.48000      67.0
  6.49000      52.0
  6.50000      36.0
  6.51000      26.0
  6.52000      16.0
  6.53000      24.0
  6.54000       5.0
  6.55000       8.0
  6.56000       6.0
  6.57000       2.0
  6.58000       1.0
  6.59000       4.0
  6.60000       2.0
  6.61000       0.0
  6.62000       0.0
  6.63000       1.0
  6.64000       1.0
  6.65000       2.0
  6.66000       1.0
  6.67000       1.0
  6.68000       0.0
  6.69000       0.0
  6.70000       1.0
  6.71000       3.0
  6.72000       1.0
  6.73000       0.0
  6.74000       0.0
  6.75000       0.0
  6.76000       0.0
  6.77000       0.0
  6.78000       1.0
  6.79000       1.0
  6.80000       1.0
  6.81000       1.0
  6.82000       1.0
  6.83000       0.0
  6.84000       1.0
  6.85000       1.0
  6.86000       0.0
  6.87000       0.0
  6.88000       2.0
  6.89000       2.0
  6.90000       0.0
  6.91000       1.0
  6.92000       2.0
  6.93000       1.0
  6.94000       4.0
  6.95000       2.0
  6.96000      10.0
  6.97000      13.0
  6.98000      10.0
  6.99000       7.0
  7.00000      15.0
  7.01000      16.0
  7.02000      12.0
  7.03000      22.0
  7.04000      25.0
  7.05000      19.0
  7.06000      22.0
  7.07000      20.0
  7.08000      20.0
  7.09000      26.0
  7.10000      24.0
  7.11000      19.0
  7.12000       9.0
  7.13000      16.0
  7.14000      14.0
  7.15000      10.0
  7.16000       9.0
  7.17000       4.0
  7.18000       8.0
  7.19000       2.0
  7.20000       2.0
  7.21000       0.0
  7.22000       1.0
  7.23000       2.0
  7.24000       1.0
  7.25000       0.0
  7.26000       0.0
  7.27000       1.0
  7.28000       0.0
  7.29000       1.0
  7.30000       1.0
  7.31000       2.0
  7.32000       1.0
  7.33000       0.0
  7.34000       0.0
  7.35000       1.0
  7.36000       1.0
  7.37000       0.0
  7.38000       0.0
  7.39000       1.0
  7.40000       1.0
  7.41000       1.0
  7.42000       1.0
  7.43000       0.0
  7.44000       1.0
  7.45000       1.0
  7.46000       0.0
  7.47000       3.0
  7.48000       1.0
  7.49000       2.0
  7.50000       0.0
  7.51000       2.0
  7.52000       1.0
  7.53000       0.0
  7.54000       0.0
  7.55000       1.0
  7.56000       1.0
  7.57000       0.0
  7.58000       1.0
  7.59000       1.0
  7.60000       0.0
  7.61000       1.0
  7.62000       1.0
  7.63000       0.0
  7.64000       0.0
  7.65000       0.0
  7.66000       0.0
  7.67000       0.0
  7.68000       0.0
  7.69000       0.0
  7.70000       2.0
  7.71000       0.0
  7.72000       0.0
  7.73000       0.0
  7.74000       1.0
  7.75000       1.0
  7.76000       0.0
  7.77000       1.0
  7.78000       1.0
  7.79000       2.0
  7.80000       0.0
  7.81000       0.0
  7.82000       0.0
  7.83000       0.0
  7.84000       0.0
  7.85000       1.0
  7.86000       1.0
  7.87000       1.0
  7.88000       0.0
  7.89000       2.0
  7.90000       0.0
  7.91000       1.0
  7.92000       1.0
  7.93000       0.0
  7.94000       1.0
  7.95000       1.0
  7.96000       2.0
  7.97000       0.0
  7.98000       1.0
  7.99000       0.0
  8.00000       0.0
  8.01000       2.0
  8.02000       2.0
  8.03000       0.0
  8.04000       2.0
  8.05000       1.0
  8.06000       1.0
  8.07000       3.0
  8.08000       3.0
  8.09000       0.0
  8.10000       2.0
  8.11000       1.0
  8.12000       1.0
  8.13000       4.0
  8.14000       0.0
  8.15000       1.0
  8.16000       1.0
  8.17000       1.0
  8.18000       1.0
  8.19000       0.0
  8.20000       0.0
  8.21000       0.0
  8.22000       0.0
  8.23000       0.0
  8.24000       1.0
  8.25000       0.0
  8.26000       1.0
  8.27000       1.0
  8.28000       0.0
  8.29000       2.0
  8.30000       1.0
  8.31000       0.0
  8.32000       0.0
  8.33000       1.0
  8.34000       0.0
  8.35000       0.0
  8.36000       0.0
  8.37000       3.0
  8.38000       2.0
  8.39000       0.0
  8.40000       0.0
  8.41000       1.0
  8.42000       1.0
  8.43000       1.0
  8.44000       1.0
  8.45000       0.0
  8.46000       2.0
  8.47000       0.0
  8.48000       1.0
  8.49000       1.0
  8.50000       0.0
  8.51000       0.0
  8.52000       0.0
  8.53000       0.0
  8.54000       1.0
  8.55000       1.0
  8.56000       1.0
  8.57000       0.0
  8.58000       0.0
  8.59000       0.0
  8.60000       0.0
  8.61000       0.0
  8.62000       1.0
  8.63000       1.0
  8.64000       1.0
  8.65000       1.0
  8.66000       0.0
  8.67000       1.0
  8.68000       2.0
  8.69000       2.0
  8.70000       2.0
  8.71000       0.0
  8.72000       0.0
  8.73000       1.0
  8.74000       1.0
  8.75000       0.0
  8.76000       2.0
  8.77000       1.0
  8.78000       1.0
  8.79000       0.0
  8.80000       3.0
  8.81000       0.0
  8.82000       0.0
  8.83000       1.0
  8.84000       0.0
  8.85000       0.0
  8.86000       3.0
  8.87000       1.0
  8.88000       1.0
  8.89000       1.0
  8.90000       1.0
  8.91000       1.0
  8.92000       0.0
  8.93000       0.0
  8.94000       1.0
  8.95000       3.0
  8.96000       0.0
  8.97000       0.0
  8.98000       1.0
  8.99000       1.0
  9.00000       0.0
  9.01000       1.0
  9.02000       1.0
  9.03000       0.0
  9.04000       2.0
  9.05000       1.0
  9.06000       0.0
  9.07000       1.0
  9.08000       0.0
  9.09000       1.0
  9.10000       2.0
  9.11000       1.0
  9.12000       0.0
  9.13000       0.0
  9.14000       3.0
  9.15000       2.0
  9.16000       0.0
  9.17000       0.0
  9.18000       2.0
  9.19000       0.0
  9.20000       1.0
  9.21000       0.0
  9.22000       1.0
  9.23000       1.0
  9.24000       2.0
  9.25000       3.0
  9.26000       0.0
  9.27000       0.0
  9.28000       2.0
  9.29000       0.0
  9.30000       2.0
  9.31000       0.0
  9.32000       1.0
  9.33000       1.0
  9.34000       0.0
  9.35000       1.0
  9.36000       0.0
  9.37000       1.0
  9.38000       0.0
  9.39000       1.0
  9.40000       0.0
  9.41000       1.0
  9.42000       0.0
  9.43000       1.0
  9.44000       2.0
  9.45000       2.0
  9.46000       0.0
  9.47000       0.0
  9.48000       0.0
  9.49000       2.0
  9.50000       1.0
  9.51000       3.0
  9.52000       1.0
  9.53000       0.0
  9.54000       1.0
  9.55000       1.0
  9.56000       1.0
  9.57000       1.0
  9.58000       3.0
  9.59000       1.0
  9.60000       1.0
  9.61000       1.0
  9.62000       0.0
  9.63000       0.0
  9.64000       0.0
  9.65000       1.0
  9.66000       1.0
  9.67000       1.0
  9.68000       0.0
  9.69000       5.0
  9.70000       0.0
  9.71000       2.0
  9.72000       1.0
  9.73000       1.0
  9.74000       1.0
  9.75000       1.0
  9.76000       0.0
  9.77000       0.0
  9.78000       3.0
  9.79000       0.0
  9.80000       1.0
  9.81000       2.0
  9.82000       1.0
  9.83000       2.0
  9.84000       0.0
  9.85000       1.0
  9.86000       2.0
  9.87000       0.0
  9.88000       0.0
  9.89000       1.0
  9.90000       1.0
  9.91000       0.0
  9.92000       0.0
  9.93000       0.0
  9.94000       1.0
  9.95000       0.0
  9.96000       2.0
  9.97000       1.0
  9.98000       0.0
  9.99000       2.0
 10.00000       4.0
 10.01000       1.0
 10.02000       0.0
 10.03000       1.0
 10.04000       2.0
 10.05000       2.0
 10.06000       1.0
 10.07000       0.0
 10.08000       2.0
 10.09000       2.0
 10.10000       1.0
 10.11000       1.0
 10.12000       1.0
 10.13000       0.0
 10.14000       1.0
 10.15000       1.0
 10.16000       0.0
 10.17000       4.0
 10.18000       0.0
 10.19000       0.0
 10.20000       0.0
 10.21000       0.0
 10.22000       3.0
 10.23000       0.0
 10.24000       1.0
 10.25000       2.0
 10.26000       1.0
 10.27000       1.0
 10.28000       1.0
 10.29000       0.0
 10.30000       3.0
 10.31000       1.0
 10.32000       0.0
 10.33000       1.0
 10.34000       0.0
 10.35000       2.0
 10.36000       2.0
 10.37000       1.0
 10.38000       1.0
 10.39000       0.0
 10.40000       0.0
 10.41000       1.0
 10.42000       0.0
 10.43000       1.0
 10.44000       2.0
 10.45000       3.0
 10.46000       1.0
 10.47000       0.0
 10.48000       1.0
 10.49000       0.0
 10.50000       0.0
 10.51000       2.0
 10.52000       0.0
 10.53000       2.0
 10.54000       0.0
 10.55000       1.0
 10.56000       2.0
 10.57000       1.0
 10.58000       0.0
 10.59000       0.0
 10.60000       1.0
 10.61000       0.0
 10.62000       1.0
 10.63000       2.0
 10.64000       1.0
 10.65000       1.0
 10.66000       0.0
 10.67000       0.0
 10.68000       1.0
 10.69000       1.0
 10.70000       1.0
 10.71000       0.0
 10.72000       0.0
 10.73000       0.0
 10.74000       1.0
 10.75000       1.0
 10.76000       1.0
 10.77000       0.0
 10.78000       1.0
 10.79000       2.0
 10.80000       2.0
 10.81000       1.0
 10.82000       3.0
 10.83000       2.0
 10.84000       0.0
 10.85000       1.0
 10.86000       0.0
 10.87000       2.0
 10.88000       1.0
 10.89000       0.0
 10.90000       0.0
 10.91000       1.0
 10.92000       1.0
 10.93000       0.0
 10.94000       2.0
 10.95000       3.0
 10.96000       1.0
 10.97000       1.0
 10.98000       0.0
 10.99000       0.0
 11.00000       0.0
 11.01000       1.0
 11.02000       1.0
 11.03000       0.0
 11.04000       0.0
 11.05000       3.0
 11.06000       1.0
 11.07000       2.0
 11.08000       2.0
 11.09000       0.0
 11.10000       0.0
 11.11000       1.0
 11.12000       1.0
 11.13000       2.0
 11.14000       2.0
 11.15000       2.0
 11.16000       0.0
 11.17000       0.0
 11.18000       0.0
 11.19000       1.0
 11.20000       0.0
 11.21000       1.0
 11.22000       0.0
 11.23000       0.0
 11.24000       0.0
 11.25000       0.0
 11.26000       1.0
 11.27000       2.0
 11.28000       0.0
 11.29000       2.0
 11.30000       0.0
 11.31000       0.0
 11.32000       0.0
 11.33000       0.0
 11.34000       0.0
 11.35000       0.0
 11.36000       0.0
 11.37000       1.0
 11.38000       0.0
 11.39000       1.0
 11.40000       1.0
 11.41000       0.0
 11.42000       0.0
 11.43000       0.0
 11.44000       1.0
 11.45000       1.0
 11.46000       1.0
 11.47000       1.0
 11.48000       0.0
 11.49000       0.0
 11.50000       0.0
 11.51000       0.0
 11.52000       1.0
 11.53000       0.0
 11.54000       3.0
 11.55000       0.0
 11.56000       1.0
 11.57000       0.0
 11.58000       1.0
 11.59000       1.0
 11.60000       1.0
 11.61000       0.0
 11.62000       0.0
 11.63000       0.0
 11.64000       1.0
 11.65000       0.0
 11.66000       2.0
 11.67000       0.0
 11.68000       1.0
 11.69000       1.0
 11.70000       0.0
 11.71000       1.0
 11.72000       1.0
 11.73000       3.0
 11.74000       1.0
 11.75000       3.0
 11.76000       0.0
 11.77000       0.0
 11.78000       0.0
 11.79000       1.0
 11.80000       2.0
 11.81000       0.0
 11.82000       0.0
 11.83000       1.0
 11.84000       0.0
 11.85000       0.0
 11.86000       0.0
 11.87000       1.0
 11.88000       0.0
 11.89000       1.0
 11.90000       0.0
 11.91000       0.0
 11.92000       2.0
 11.93000       1.0
 11.94000       1.0
 11.95000       1.0
 11.96000       0.0
 11.97000       0.0
 11.98000       2.0
 11.99000       2.0
 12.00000       1.0
 12.01000       1.0
 12.02000       1.0
 12.03000       2.0
 12.04000       1.0
 12.05000       0.0
 12.06000       2.0
 12.07000       2.0
 12.08000       0.0
 12.09000       0.0
 12.10000       1.0
 12.11000       0.0
 12.12000       2.0
 12.13000       1.0
 12.14000       0.0
 12.15000       0.0
 12.16000       0.0
 12.17000       1.0
 12.18000       1.0
 12.19000       0.0
 12.20000       1.0
 12.21000       1.0
 12.22000       1.0
 12.23000       1.0
 12.24000       0.0
 12.25000       0.0
 12.26000       1.0
 12.27000       2.0
 12.28000       0.0
 12.29000       1.0
 12.30000       0.0
 12.31000       2.0
 12.32000       1.0
 12.33000       1.0
 12.34000       1.0
 12.35000       3.0
 12.36000       0.0
 12.37000       0.0
 12.38000       1.0
 12.39000       0.0
 12.40000       2.0
 12.41000       1.0
 12.42000       1.0
 12.43000       1.0
 12.44000       1.0
 12.45000       0.0
 12.46000       1.0
 12.47000       1.0
 12.48000       0.0
 12.49000       0.0
 12.50000       1.0
 12.51000       0.0
 12.52000       1.0
 12.53000       0.0
 12.54000       0.0
 12.55000       1.0
 12.56000       1.0
 12.57000       1.0
 12.58000       2.0
 12.59000       1.0
 12.60000       0.0
 12.61000       0.0
 12.62000       1.0
 12.63000       1.0
 12.64000       2.0
 12.65000       0.0
 12.66000       1.0
 12.67000       1.0
 12.68000       1.0
 12.69000       3.0
 12.70000       3.0
 12.71000       0.0
 12.72000       0.0
 12.73000       1.0
 12.74000       2.0
 12.75000       0.0
 12.76000       3.0
 12.77000       1.0
 12.78000       0.0
 12.79000       1.0
 12.80000       1.0
 12.81000       0.0
 12.82000       0.0
 12.83000       1.0
 12.84000       3.0
 12.85000       4.0
 12.86000       2.0
 12.87000       2.0
 12.88000       1.0
 12.89000       2.0
 12.90000       1.0
 12.91000       2.0
 12.92000       0.0
 12.93000       1.0
 12.94000       2.0
 12.95000       0.0
 12.96000       1.0
 12.97000       1.0
 12.98000       3.0
 12.99000       0.0
 13.00000       2.0
 13.01000       0.0
 13.02000       1.0
 13.03000       1.0
 13.04000       1.0
 13.05000       1.0
 13.06000       0.0
 13.07000       0.0
 13.08000       0.0
 13.09000       0.0
 13.10000       1.0
 13.11000       1.0
 13.12000       0.0
 13.13000       0.0
 13.14000       3.0
 13.15000       2.0
 13.16000       0.0
 13.17000       0.0
 13.18000       0.0
 13.19000       0.0
 13.20000       0.0
 13.21000       2.0
 13.22000       1.0
 13.23000       1.0
 13.24000       1.0
 13.25000       0.0
 13.26000       2.0
 13.27000       0.0
 13.28000       0.0
 13.29000       0.0
 13.30000       0.0
 13.31000       1.0
 13.32000       1.0
 13.33000       0.0
 13.34000       0.0
 13.35000       3.0
 13.36000       3.0
 13.37000       0.0
 13.38000       0.0
 13.39000       0.0
 13.40000       1.0
 13.41000       1.0
 13.42000       1.0
 13.43000       2.0
 13.44000       0.0
 13.45000       1.0
 13.46000       1.0
 13.47000       0.0
 13.48000       2.0
 13.49000       1.0
 13.50000       0.0
 13.51000       0.0
 13.52000       2.0
 13.53000       1.0
 13.54000       2.0
 13.55000       2.0
 13.56000       1.0
 13.57000       1.0
 13.58000       0.0
 13.59000       0.0
 13.60000       0.0
 13.61000       0.0
 13.62000       1.0
 13.63000       0.0
 13.64000       0.0
 13.65000       2.0
 13.66000       1.0
 13.67000       0.0
 13.68000       0.0
 13.69000       1.0
 13.70000       1.0
 13.71000       0.0
 13.72000       1.0
 13.73000       1.0
 13.74000       0.0
 13.75000       0.0
 13.76000       0.0
 13.77000       0.0
 13.78000       1.0
 13.79000       0.0
 13.80000       0.0
 13.81000       0.0
 13.82000       0.0
 13.83000       1.0
 13.84000       0.0
 13.85000       1.0
 13.86000       0.0
 13.87000       0.0
 13.88000       0.0
 13.89000       1.0
 13.90000       0.0
 13.91000       0.0
 13.92000       1.0
 13.93000       0.0
 13.94000       0.0
 13.95000       1.0
 13.96000       0.0
 13.97000       0.0
 13.98000       0.0
 13.99000       2.0
 14.00000       0.0
 14.01000       2.0
 14.02000       4.0
 14.03000       1.0
 14.04000       2.0
 14.05000       1.0
 14.06000       1.0
 14.07000       1.0
 14.08000       1.0
 14.09000       1.0
 14.10000       1.0
 14.11000       2.0
 14.12000       1.0
 14.13000       0.0
 14.14000       3.0
 14.15000       4.0
 14.16000       1.0
 14.17000       1.0
 14.18000       1.0
 14.19000       2.0
 14.20000       3.0
 14.21000       0.0
 14.22000       1.0
 14.23000       0.0
 14.24000       1.0
 14.25000       1.0
 14.26000       1.0
 14.27000       1.0
 14.28000       0.0
 14.29000       3.0
 14.30000       0.0
 14.31000       2.0
 14.32000       0.0
 14.33000       1.0
 14.34000       1.0
 14.35000       0.0
 14.36000       1.0
 14.37000       1.0
 14.38000       0.0
 14.39000       0.0
 14.40000       1.0
 14.41000       0.0
 14.42000       0.0
 14.43000       0.0
 14.44000       0.0
 14.45000       1.0
 14.46000       0.0
 14.47000       0.0
 14.48000       2.0
 14.49000       0.0
 14.50000       0.0
 14.51000       1.0
 14.52000       0.0
 14.53000       0.0
 14.54000       0.0
 14.55000       1.0
 14.56000       0.0
 14.57000       0.0
 14.58000       0.0
 14.59000       0.0
 14.60000       0.0
 14.61000       0.0
 14.62000       1.0
 14.63000       0.0
 14.64000       0.0
 14.65000       1.0
 14.66000       0.0
 14.67000       0.0
 14.68000       0.0
 14.69000       1.0
 14.70000       0.0
 14.71000       1.0
 14.72000       0.0
 14.73000       0.0
 14.74000       0.0
 14.75000       0.0
 14.76000       1.0
 14.77000       0.0
 14.78000       1.0
 14.79000       0.0
 14.80000       1.0
 14.81000       0.0
 14.82000       0.0
 14.83000       1.0
 14.84000       0.0
 14.85000       1.0
 14.86000       0.0
 14.87000       0.0
 14.88000       1.0
 14.89000       0.0
 14.90000       5.0
 14.91000       0.0
 14.92000       1.0
 14.93000       0.0
 14.94000       2.0
 14.95000       0.0
 14.96000       0.0
 14.97000       1.0
 14.98000       0.0
 14.99000       0.0
 15.00000       1.0
 15.01000       1.0
 15.02000       1.0
 15.03000       2.0
 15.04000       2.0
 15.05000       0.0
 15.06000       0.0
 15.07000       0.0
 15.08000       0.0
 15.09000       1.0
 15.10000       0.0
 15.11000       1.0
 15.12000       1.0
 15.13000       1.0
 15.14000       3.0
 15.15000       0.0
 15.16000       0.0
 15.17000       1.0
 15.18000       0.0
 15.19000       0.0
 15.20000       2.0
 15.21000       0.0
 15.22000       0.0
 15.23000       1.0
 15.24000       0.0
 15.25000       2.0
 15.26000       0.0
 15.27000       0.0
 15.28000       1.0
 15.29000       0.0
 15.30000       0.0
 15.31000       0.0
 15.32000       0.0
 15.33000       2.0
 15.34000       0.0
 15.35000       1.0
 15.36000       0.0
 15.37000       0.0
 15.38000       0.0
 15.39000       0.0
 15.40000       0.0
 15.41000       1.0
 15.42000       1.0
 15.43000       1.0
 15.44000       0.0
 15.45000       0.0
 15.46000       0.0
 15.47000       0.0
 15.48000       1.0
 15.49000       1.0
 15.50000       1.0
 15.51000       0.0
 15.52000       0.0
 15.53000       0.0
 15.54000       1.0
 15.55000       0.0
 15.56000       0.0
 15.57000       0.0
 15.58000       0.0
 15.59000       1.0
 15.60000       0.0
 15.61000       1.0
 15.62000       1.0
 15.63000       1.0
 15.64000       1.0
 15.65000       1.0
 15.66000       0.0
 15.67000       2.0
 15.68000       2.0
 15.69000       2.0
 15.70000       0.0
 15.71000       0.0
 15.72000       0.0
 15.73000       2.0
 15.74000       0.0
 15.75000       2.0
 15.76000       0.0
 15.77000       1.0
 15.78000       0.0
 15.79000       0.0
 15.80000       1.0
 15.81000       1.0
 15.82000       0.0
 15.83000       2.0
 15.84000       1.0
 15.85000       0.0
 15.86000       3.0
 15.87000       0.0
 15.88000       0.0
 15.89000       0.0
 15.90000       1.0
 15.91000       1.0
 15.92000       1.0
 15.93000       0.0
 15.94000       1.0
 15.95000       2.0
 15.96000       4.0
 15.97000       0.0
 15.98000       0.0
 15.99000       0.0
 16.00000       1.0
 16.01000       0.0
 16.02000       2.0
 16.03000       0.0
 16.04000       2.0
 16.05000       2.0
 16.06000       0.0
 16.07000       2.0
 16.08000       1.0
 16.09000       0.0
 16.10000       1.0
 16.11000       1.0
 16.12000       0.0
 16.13000       1.0
 16.14000       1.0
 16.15000       0.0
 16.16000       2.0
 16.17000       1.0
 16.18000       2.0
 16.19000       1.0
 16.20000       0.0
 16.21000       0.0
 16.22000       1.0
 16.23000       1.0
 16.24000       2.0
 16.25000       1.0
 16.26000       3.0
 16.27000       1.0
 16.28000       2.0
 16.29000       1.0
 16.30000       1.0
 16.31000       0.0
 16.32000       6.0
 16.33000       0.0
 16.34000       3.0
 16.35000       1.0
 16.36000       1.0
 16.37000       2.0
 16.38000       2.0
 16.39000       0.0
 16.40000       1.0
 16.41000       4.0
 16.42000       2.0
 16.43000       0.0
 16.44000       3.0
 16.45000       1.0
 16.46000       3.0
 16.47000       3.0
 16.48000       2.0
 16.49000       3.0
 16.50000       0.0
 16.51000       1.0
 16.52000       1.0
 16.53000       0.0
 16.54000       1.0
 16.55000       1.0
 16.56000       1.0
 16.57000       1.0
 16.58000       2.0
 16.59000       1.0
 16.60000       1.0
 16.61000       1.0
 16.62000       1.0
 16.63000       1.0
 16.64000       2.0
 16.65000       4.0
 16.66000       1.0
 16.67000       0.0
 16.68000       0.0
 16.69000       0.0
 16.70000       0.0
 16.71000       1.0
 16.72000       4.0
 16.73000       4.0
 16.74000       1.0
 16.75000       2.0
 16.76000       1.0
 16.77000       0.0
 16.78000       1.0
 16.79000       0.0
 16.80000       0.0
 16.81000       1.0
 16.82000       2.0
 16.83000       1.0
 16.84000       0.0
 16.85000       1.0
 16.86000       1.0
 16.87000       3.0
 16.88000       1.0
 16.89000       0.0
 16.90000       0.0
 16.91000       0.0
 16.92000       2.0
 16.93000       0.0
 16.94000       0.0
 16.95000       2.0
 16.96000       1.0
 16.97000       1.0
 16.98000       0.0
 16.99000       1.0
 17.00000       1.0
 17.01000       0.0
 17.02000       1.0
 17.03000       1.0
 17.04000       0.0
 17.05000       0.0
 17.06000       1.0
 17.07000       0.0
 17.08000       1.0
 17.09000       0.0
 17.10000       1.0
 17.11000       0.0
 17.12000       0.0
 17.13000       0.0
 17.14000       1.0
 17.15000       0.0
 17.16000       0.0
 17.17000       0.0
 17.18000       0.0
 17.19000       1.0
 17.20000       2.0
 17.21000       0.0
 17.22000       1.0
 17.23000       0.0
 17.24000       0.0
 17.25000       1.0
 17.26000       2.0
 17.27000       1.0
 17.28000       1.0
 17.29000       0.0
 17.30000       2.0
 17.31000       1.0
 17.32000       1.0
 17.33000       0.0
 17.34000       3.0
 17.35000       5.0
 17.36000       2.0
 17.37000       2.0
 17.38000       1.0
 17.39000       0.0
 17.40000       2.0
 17.41000       1.0
 17.42000       1.0
 17.43000       1.0
 17.44000       2.0
 17.45000       4.0
 17.46000       2.0
 17.47000       5.0
 17.48000       0.0
 17.49000       1.0
 17.50000       0.0
 17.51000       1.0
 17.52000       1.0
 17.53000       1.0
 17.54000       0.0
 17.55000       0.0
 17.56000       1.0
 17.57000       0.0
 17.58000       2.0
 17.59000       0.0
 17.60000       0.0
 17.61000       0.0
 17.62000       0.0
 17.63000       0.0
 17.64000       0.0
 17.65000       1.0
 17.66000       0.0
 17.67000       0.0
 17.68000       0.0
 17.69000       0.0
 17.70000       0.0
 17.71000       0.0
 17.72000       1.0
 17.73000       0.0
 17.74000       1.0
 17.75000       0.0
 17.76000       0.0
 17.77000       0.0
 17.78000       0.0
 17.79000       0.0
 17.80000       0.0
 17.81000       1.0
 17.82000       0.0
 17.83000       0.0
 17.84000       0.0
 17.85000       0.0
 17.86000       0.0
 17.87000       0.0
 17.88000       0.0
 17.89000       0.0
 17.90000       0.0
 17.91000       1.0
 17.92000       0.0
 17.93000       0.0
 17.94000       0.0
 17.95000       0.0
 17.96000       0.0
 17.97000       0.0
 17.98000       0.0
 17.99000       2.0
 18.00000       0.0
 18.01000       0.0
 18.02000       0.0
 18.03000       0.0
 18.04000       0.0
 18.05000       1.0
 18.06000       2.0
 18.07000       0.0
 18.08000       0.0
 18.09000       0.0
 18.10000       1.0
 18.11000       0.0
 18.12000       0.0
 18.13000       1.0
 18.14000       0.0
 18.15000       0.0
 18.16000       0.0
 18.17000       1.0
 18.18000       1.0
 18.19000       1.0
 18.20000       0.0
 18.21000       2.0
 18.22000       0.0
 18.23000       1.0
 18.24000       0.0
 18.25000       0.0
 18.26000       0.0
 18.27000       0.0
 18.28000       2.0
 18.29000       1.0
 18.30000       0.0
 18.31000       1.0
 18.32000       0.0
 18.33000       1.0
 18.34000       0.0
 18.35000       0.0
 18.36000       0.0
 18.37000       0.0
 18.38000       0.0
 18.39000       0.0
 18.40000       2.0
 18.41000       0.0
 18.42000       0.0
 18.43000       0.0
 18.44000       0.0
 18.45000       0.0
 18.46000       0.0
 18.47000       1.0
 18.48000       0.0
 18.49000       2.0
 18.50000       0.0
 18.51000       0.0
 18.52000       2.0
 18.53000       0.0
 18.54000       1.0
 18.55000       1.0
 18.56000       0.0
 18.57000       1.0
 18.58000       1.0
 18.59000       0.0
 18.60000       0.0
 18.61000       2.0
 18.62000       0.0
 18.63000       0.0
 18.64000       0.0
 18.65000       0.0
 18.66000       0.0
 18.67000       1.0
 18.68000       0.0
 18.69000       0.0
 18.70000       0.0
 18.71000       0.0
 18.72000       0.0
 18.73000       0.0
 18.74000       0.0
 18.75000       0.0
 18.76000       0.0
 18.77000       0.0
 18.78000       0.0
 18.79000       0.0
 18.80000       0.0
 18.81000       0.0
 18.82000       0.0
 18.83000       0.0
 18.84000       0.0
 18.85000       2.0
 18.86000       2.0
 18.87000       0.0
 18.88000       0.0
 18.89000       0.0
 18.90000       0.0
 18.91000       0.0
 18.92000       1.0
 18.93000       0.0
 18.94000       0.0
 18.95000       0.0
 18.96000       0.0
 18.97000       0.0
 18.98000       1.0
 18.99000       0.0
 19.00000       0.0
 19.01000       1.0
 19.02000       0.0
 19.03000       1.0
 19.04000       0.0
 19.05000       1.0
 19.06000       0.0
 19.07000       0.0
 19.08000       0.0
 19.09000       0.0
 19.10000       0.0
 19.11000       0.0
 19.12000       0.0
 19.13000       0.0
 19.14000       0.0
 19.15000       0.0
 19.16000       1.0
 19.17000       0.0
 19.18000       0.0
 19.19000       0.0
 19.20000       0.0
 19.21000       0.0
 19.22000       0.0
 19.23000       1.0
 19.24000       0.0
 19.25000       0.0
 19.26000       0.0
 19.27000       0.0
 19.28000       0.0
 19.29000       0.0
 19.30000       0.0
 19.31000       0.0
 19.32000       0.0
 19.33000       0.0
 19.34000       0.0
 19.35000       0.0
 19.36000       0.0
 19.37000       0.0
 19.38000       0.0
 19.39000       0.0
 19.40000       0.0
 19.41000       0.0
 19.42000       1.0
 19.43000       0.0
 19.44000       0.0
 19.45000       1.0
 19.46000       0.0
 19.47000       0.0
 19.48000       0.0
 19.49000       0.0
 19.50000       0.0
 19.51000       0.0
 19.52000       0.0
 19.53000       0.0
 19.54000       0.0
 19.55000       0.0
 19.56000       0.0
 19.57000       1.0
 19.58000       1.0
 19.59000       1.0
 19.60000       1.0
 19.61000       0.0
 19.62000       0.0
 19.63000       1.0
 19.64000       0.0
 19.65000       1.0
 19.66000       0.0
 19.67000       0.0
 19.68000       1.0
 19.69000       0.0
 19.70000       0.0
 19.71000       0.0
 19.72000       0.0
 19.73000       0.0
 19.74000       0.0
 19.75000       0.0
 19.76000       0.0
 19.77000       0.0
 19.78000       0.0
 19.79000       1.0
 19.80000       0.0
 19.81000       0.0
 19.82000       0.0
 19.83000       0.0
 19.84000       0.0
 19.85000       1.0
 19.86000       0.0
 19.87000       0.0
 19.88000       0.0
 19.89000       0.0
 19.90000       0.0
 19.91000       0.0
 19.92000       0.0
 19.93000       0.0
 19.94000       0.0
 19.95000       0.0
 19.96000       0.0
 19.97000       0.0
 19.98000       0.0
 19.99000       0.0
 20.00000       0.0
 20.01000       0.0
 20.02000       0.0
 20.03000       0.0
 20.04000       0.0
 20.05000       1.0
 20.06000       0.0
 20.07000       0.0
 20.08000       0.0
 20.09000       0.0
 20.10000       0.0
 20.11000       0.0
 20.12000       0.0
 20.13000       0.0
 20.14000       0.0
 20.15000       0.0
 20.16000       0.0
 20.17000       0.0
 20.18000       0.0
 20.19000       0.0
 20.20000       0.0
 20.21000       0.0
 20.22000       0.0
 20.23000       1.0
 20.24000       0.0
 20.25000       0.0
 20.26000       0.0
 20.27000       0.0
 20.28000       0.0
 20.29000       0.0
 20.30000       1.0
 20.31000       0.0
 20.32000       0.0
 20.33000       0.0
 20.34000       0.0
 20.35000       0.0
 20.36000       0.0
 20.37000       1.0
 20.38000       0.0
 20.39000       0.0
 20.40000       0.0
 20.41000       0.0
 20.42000       0.0
 20.43000       0.0
 20.44000       0.0
 20.45000       0.0
 20.46000       0.0
 20.47000       0.0
 20.48000       0.0
 20.49000       1.0
 20.50000       0.0
 20.51000       0.0
 20.52000       0.0
 20.53000       0.0
 20.54000       0.0
 20.55000       0.0
 20.56000       1.0
 20.57000       0.0
 20.58000       0.0
 20.59000       0.0
 20.60000       0.0
 20.61000       0.0
 20.62000       0.0
 20.63000       0.0
 20.64000       0.0
 20.65000       0.0
 20.66000       0.0
 20.67000       0.0
 20.68000       1.0
 20.69000       0.0
 20.70000       0.0
 20.71000       0.0
 20.72000       0.0
 20.73000       0.0
 20.74000       0.0
 20.75000       0.0
 20.76000       0.0
 20.77000       0.0
 20.78000       0.0
 20.79000       0.0
 20.80000       0.0
 20.81000       0.0
 20.82000       0.0
 20.83000       0.0
 20.84000       0.0
 20.85000       0.0
 20.86000       0.0
 20.87000       2.0
 20.88000       0.0
 20.89000       0.0
 20.90000       0.0
 20.91000       0.0
 20.92000       0.0
 20.93000       0.0
 20.94000       0.0
 20.95000       0.0
 20.96000       0.0
 20.97000       0.0
 20.98000       0.0
 20.99000       0.0
 21.00000       0.0
 21.01000       0.0
 21.02000       0.0
 21.03000       0.0
 21.04000       0.0
 21.05000       0.0
 21.06000       0.0
 21.07000       0.0
 21.08000       0.0
 21.09000       0.0
 21.10000       0.0
 21.11000       0.0
 21.12000       0.0
 21.13000       0.0
 21.14000       0.0
 21.15000       0.0
 21.16000       0.0
 21.17000       0.0
 21.18000       0.0
 21.19000       0.0
 21.20000       0.0
 21.21000       0.0
 21.22000       0.0
 21.23000       0.0
 21.24000       0.0
 21.25000       0.0
 21.26000       0.0
 21.27000       0.0
 21.28000       0.0
 21.29000       0.0
 21.30000       0.0
 21.31000       0.0
 21.32000       0.0
 21.33000       0.0
 21.34000       0.0
 21.35000       0.0
 21.36000       0.0
 21.37000       0.0
 21.38000       0.0
 21.39000       0.0
 21.40000       0.0
 21.41000       0.0
 21.42000       0.0
 21.43000       0.0
 21.44000       1.0
 21.45000       0.0
 21.46000       0.0
 21.47000       0.0
 21.48000       0.0
 21.49000       1.0
 21.50000       0.0
 21.51000       0.0
 21.52000       0.0
 21.53000       0.0
 21.54000       0.0
 21.55000       0.0
 21.56000       0.0
 21.57000       0.0
 21.58000       0.0
 21.59000       0.0
 21.60000       0.0
 21.61000       1.0
 21.62000       0.0
 21.63000       0.0
 21.64000       0.0
 21.65000       0.0
 21.66000       0.0
 21.67000       0.0
 21.68000       0.0
 21.69000       0.0
 21.70000       0.0
 21.71000       0.0
 21.72000       1.0
 21.73000       0.0
 21.74000       0.0
 21.75000       0.0
 21.76000       0.0
 21.77000       0.0
 21.78000       0.0
 21.79000       0.0
 21.80000       0.0
 21.81000       0.0
 21.82000       1.0
 21.83000       0.0
 21.84000       1.0
 21.85000       0.0
 21.86000       0.0
 21.87000       0.0
 21.88000       0.0
 21.89000       0.0
 21.90000       0.0
 21.91000       0.0
 21.92000       0.0
 21.93000       0.0
 21.94000       0.0
 21.95000       0.0
 21.96000       0.0
 21.97000       0.0
 21.98000       0.0
 21.99000       0.0
 22.00000       0.0
 22.01000       0.0
 22.02000       0.0
 22.03000       0.0
 22.04000       0.0
 22.05000       1.0
 22.06000       0.0
 22.07000       1.0
 22.08000       0.0
 22.09000       0.0
 22.10000       0.0
 22.11000       0.0
 22.12000       0.0
 22.13000       0.0
 22.14000       0.0
 22.15000       0.0
 22.16000       0.0
 22.17000       0.0
 22.18000       0.0
 22.19000       0.0
 22.20000       0.0
 22.21000       0.0
 22.22000       0.0
 22.23000       0.0
 22.24000       0.0
 22.25000       0.0
 22.26000       0.0
 22.27000       0.0
 22.28000       0.0
 22.29000       0.0
 22.30000       0.0
 22.31000       0.0
 22.32000       0.0
 22.33000       0.0
 22.34000       0.0
 22.35000       0.0
 22.36000       0.0
 22.37000       0.0
 22.38000       0.0
 22.39000       0.0
 22.40000       0.0
 22.41000       0.0
 22.42000       0.0
 22.43000       0.0
 22.44000       0.0
 22.45000       0.0
 22.46000       0.0
 22.47000       0.0
 22.48000       0.0
 22.49000       0.0
 22.50000       0.0
 22.51000       0.0
 22.52000       0.0
 22.53000       0.0
 22.54000       0.0
 22.55000       0.0
 22.56000       0.0
 22.57000       1.0
 22.58000       0.0
 22.59000       0.0
 22.60000       0.0
 22.61000       0.0
 22.62000       0.0
 22.63000       0.0
 22.64000       0.0
 22.65000       0.0
 22.66000       0.0
 22.67000       0.0
 22.68000       0.0
 22.69000       0.0
 22.70000       0.0
 22.71000       0.0
 22.72000       0.0
 22.73000       0.0
 22.74000       0.0
 22.75000       0.0
 22.76000       1.0
 22.77000       0.0
 22.78000       0.0
 22.79000       0.0
 22.80000       1.0
 22.81000       0.0
 22.82000       0.0
 22.83000       0.0
 22.84000       0.0
 22.85000       0.0
 22.86000       0.0
 22.87000       1.0
 22.88000       0.0
 22.89000       1.0
 22.90000       0.0
 22.91000       0.0
 22.92000       0.0
 22.93000       0.0
 22.94000       0.0
 22.95000       0.0
 22.96000       0.0
 22.97000       0.0
 22.98000       0.0
 22.99000       0.0
 23.00000       0.0
 23.01000       0.0
 23.02000       0.0
 23.03000       0.0
 23.04000       0.0
 23.05000       0.0
 23.06000       0.0
 23.07000       0.0
 23.08000       0.0
 23.09000       0.0
 23.10000       0.0
 23.11000       1.0
 23.12000       0.0
 23.13000       0.0
 23.14000       0.0
 23.15000       0.0
 23.16000       0.0
 23.17000       0.0
 23.18000       0.0
 23.19000       1.0
 23.20000       0.0
 23.21000       0.0
 23.22000       0.0
 23.23000       0.0
 23.24000       0.0
 23.25000       0.0
 23.26000       0.0
 23.27000       0.0
 23.28000       0.0
 23.29000       0.0
 23.30000       0.0
 23.31000       1.0
 23.32000       0.0
 23.33000       1.0
 23.34000       1.0
 23.35000       1.0
 23.36000       0.0
 23.37000       1.0
 23.38000       0.0
 23.39000       0.0
 23.40000       0.0
 23.41000       0.0
 23.42000       0.0
 23.43000       0.0
 23.44000       1.0
 23.45000       0.0
 23.46000       0.0
 23.47000       0.0
 23.48000       0.0
 23.49000       0.0
 23.50000       0.0
 23.51000       0.0
 23.52000       0.0
 23.53000       0.0
 23.54000       0.0
 23.55000       0.0
 23.56000       0.0
 23.57000       0.0
 23.58000       0.0
 23.59000       0.0
 23.60000       0.0
 23.61000       0.0
 23.62000       1.0
 23.63000       0.0
 23.64000       0.0
 23.65000       0.0
 23.66000       0.0
 23.67000       1.0
 23.68000       0.0
 23.69000       0.0
 23.70000       0.0
 23.71000       1.0
 23.72000       0.0
 23.73000       0.0
 23.74000       0.0
 23.75000       0.0
 23.76000       1.0
 23.77000       0.0
 23.78000       0.0
 23.79000       0.0
 23.80000       0.0
 23.81000       0.0
 23.82000       0.0
 23.83000       0.0
 23.84000       0.0
 23.85000       0.0
 23.86000       0.0
 23.87000       0.0
 23.88000       0.0
 23.89000       0.0
 23.90000       0.0
 23.91000       0.0
 23.92000       1.0
 23.93000       0.0
 23.94000       0.0
 23.95000       0.0
 23.96000       0.0
 23.97000       0.0
 23.98000       0.0
 23.99000       0.0
 24.00000       0.0
 24.01000       0.0
 24.02000       0.0
 24.03000       0.0
 24.04000       0.0
 24.05000       0.0
 24.06000       0.0
 24.07000       0.0
 24.08000       0.0
 24.09000       1.0
 24.10000       0.0
 24.11000       0.0
 24.12000       0.0
 24.13000       0.0
 24.14000       0.0
 24.15000       0.0
 24.16000       1.0
 24.17000       0.0
 24.18000       1.0
 24.19000       0.0
 24.20000       0.0
 24.21000       0.0
 24.22000       0.0
 24.23000       0.0
 24.24000       0.0
 24.25000       0.0
 24.26000       0.0
 24.27000       0.0
 24.28000       0.0
 24.29000       0.0
 24.30000       0.0
 24.31000       0.0
 24.32000       0.0
 24.33000       0.0
 24.34000       0.0
 24.35000       0.0
 24.36000       0.0
 24.37000       0.0
 24.38000       0.0
 24.39000       0.0
 24.40000       1.0
 24.41000       0.0
 24.42000       0.0
 24.43000       0.0
 24.44000       0.0
 24.45000       0.0
 24.46000       0.0
 24.47000       0.0
 24.48000       0.0
 24.49000       0.0
 24.50000       0.0
 24.51000       0.0
 24.52000       0.0
 24.53000       0.0
 24.54000       0.0
 24.55000       1.0
 24.56000       0.0
 24.57000       0.0
 24.58000       0.0
 24.59000       1.0
 24.60000       0.0
 24.61000       0.0
 24.62000       0.0
 24.63000       0.0
 24.64000       0.0
 24.65000       0.0
 24.66000       0.0
 24.67000       0.0
 24.68000       0.0
 24.69000       0.0
 24.70000       0.0
 24.71000       0.0
 24.72000       0.0
 24.73000       0.0
 24.74000       0.0
 24.75000       0.0
 24.76000       0.0
 24.77000       0.0
 24.78000       0.0
 24.79000       0.0
 24.80000       0.0
 24.81000       0.0
 24.82000       0.0
 24.83000       0.0
 24.84000       0.0
 24.85000       0.0
 24.86000       0.0
 24.87000       0.0
 24.88000       0.0
 24.89000       0.0
 24.90000       0.0
 24.91000       0.0
 24.92000       0.0
 24.93000       0.0
 24.94000       0.0
 24.95000       0.0
 24.96000       0.0
 24.97000       0.0
 24.98000       0.0
 24.99000       0.0
 25.00000       0.0
 25.01000       0.0
 25.02000       0.0
 25.03000       0.0
 25.04000       0.0
 25.05000       0.0
 25.06000       0.0
 25.07000       0.0
 25.08000       0.0
 25.09000       0.0
 25.10000       0.0
 25.11000       0.0
 25.12000       0.0
 25.13000       0.0
 25.14000       0.0
 25.15000       0.0
 25.16000       0.0
 25.17000       0.0
 25.18000       0.0
 25.19000       0.0
 25.20000       0.0
 25.21000       0.0
 25.22000       0.0
 25.23000       0.0
 25.24000       0.0
 25.25000       0.0
 25.26000       0.0
 25.27000       0.0
 25.28000       0.0
 25.29000       0.0
 25.30000       0.0
 25.31000       0.0
 25.32000       0.0
 25.33000       0.0
 25.34000       0.0
 25.35000       0.0
 25.36000       0.0
 25.37000       0.0
 25.38000       0.0
 25.39000       0.0
 25.40000       0.0
 25.41000       0.0
 25.42000       0.0
 25.43000       0.0
 25.44000       0.0
 25.45000       0.0
 25.46000       0.0
 25.47000       0.0
 25.48000       0.0
 25.49000       0.0
 25.50000       0.0
 25.51000       0.0
 25.52000       0.0
 25.53000       0.0
 25.54000       0.0
 25.55000       0.0
 25.56000       0.0
 25.57000       0.0
 25.58000       0.0
 25.59000       0.0
 25.60000       0.0
 25.61000       0.0
 25.62000       0.0
 25.63000       0.0
 25.64000       0.0
 25.65000       0.0
 25.66000       0.0
 25.67000       0.0
 25.68000       0.0
 25.69000       0.0
 25.70000       0.0
 25.71000       0.0
 25.72000       0.0
 25.73000       0.0
 25.74000       0.0
 25.75000       0.0
 25.76000       0.0
 25.77000       0.0
 25.78000       0.0
 25.79000       0.0
 25.80000       0.0
 25.81000       0.0
 25.82000       0.0
 25.83000       1.0
 25.84000       0.0
 25.85000       0.0
 25.86000       0.0
 25.87000       0.0
 25.88000       0.0
 25.89000       0.0
 25.90000       0.0
 25.91000       0.0
 25.92000       0.0
 25.93000       1.0
 25.94000       0.0
 25.95000       0.0
 25.96000       0.0
 25.97000       0.0
 25.98000       0.0
 25.99000       0.0
 26.00000       0.0
 26.01000       0.0
 26.02000       0.0
 26.03000       0.0
 26.04000       0.0
 26.05000       0.0
 26.06000       0.0
 26.07000       0.0
 26.08000       0.0
 26.09000       0.0
 26.10000       0.0
 26.11000       0.0
 26.12000       0.0
 26.13000       0.0
 26.14000       0.0
 26.15000       0.0
 26.16000       0.0
 26.17000       0.0
 26.18000       0.0
 26.19000       0.0
 26.20000       0.0
 26.21000       0.0
 26.22000       0.0
 26.23000       0.0
 26.24000       0.0
 26.25000       0.0
 26.26000       0.0
 26.27000       0.0
 26.28000       0.0
 26.29000       0.0
 26.30000       0.0
 26.31000       0.0
 26.32000       0.0
 26.33000       0.0
 26.34000       0.0
 26.35000       0.0
 26.36000       0.0
 26.37000       0.0
 26.38000       0.0
 26.39000       0.0
 26.40000       0.0
 26.41000       0.0
 26.42000       1.0
 26.43000       0.0
 26.44000       0.0
 26.45000       0.0
 26.46000       0.0
 26.47000       0.0
 26.48000       0.0
 26.49000       0.0
 26.50000       0.0
 26.51000       0.0
 26.52000       0.0
 26.53000       0.0
 26.54000       0.0
 26.55000       0.0
 26.56000       0.0
 26.57000       0.0
 26.58000       0.0
 26.59000       0.0
 26.60000       0.0
 26.61000       0.0
 26.62000       0.0
 26.63000       0.0
 26.64000       0.0
 26.65000       0.0
 26.66000       0.0
 26.67000       1.0
 26.68000       0.0
 26.69000       0.0
 26.70000       0.0
 26.71000       0.0
 26.72000       0.0
 26.73000       0.0
 26.74000       0.0
 26.75000       0.0
 26.76000       0.0
 26.77000       0.0
 26.78000       0.0
 26.79000       0.0
 26.80000       0.0
 26.81000       0.0
 26.82000       0.0
 26.83000       0.0
 26.84000       0.0
 26.85000       0.0
 26.86000       0.0
 26.87000       0.0
 26.88000       0.0
 26.89000       0.0
 26.90000       0.0
 26.91000       0.0
 26.92000       0.0
 26.93000       0.0
 26.94000       0.0
 26.95000       0.0
 26.96000       0.0
 26.97000       0.0
 26.98000       0.0
 26.99000       0.0
 27.00000       0.0
 27.01000       0.0
 27.02000       0.0
 27.03000       0.0
 27.04000       0.0
 27.05000       0.0
 27.06000       0.0
 27.07000       0.0
 27.08000       0.0
 27.09000       0.0
 27.10000       0.0
 27.11000       0.0
 27.12000       0.0
 27.13000       0.0
 27.14000       0.0
 27.15000       0.0
 27.16000       0.0
 27.17000       0.0
 27.18000       0.0
 27.19000       0.0
 27.20000       0.0
 27.21000       0.0
 27.22000       0.0
 27.23000       0.0
 27.24000       0.0
 27.25000       0.0
 27.26000       0.0
 27.27000       0.0
 27.28000       0.0
 27.29000       0.0
 27.30000       0.0
 27.31000       0.0
 27.32000       0.0
 27.33000       0.0
 27.34000       0.0
 27.35000       0.0
 27.36000       0.0
 27.37000       0.0
 27.38000       0.0
 27.39000       0.0
 27.40000       0.0
 27.41000       0.0
 27.42000       0.0
 27.43000       0.0
 27.44000       0.0
 27.45000       0.0
 27.46000       0.0
 27.47000       0.0
 27.48000       0.0
 27.49000       0.0
 27.50000       0.0
 27.51000       0.0
 27.52000       0.0
 27.53000       0.0
 27.54000       0.0
 27.55000       0.0
 27.56000       0.0
 27.57000       0.0
 27.58000       0.0
 27.59000       0.0
 27.60000       0.0
 27.61000       0.0
 27.62000       0.0
 27.63000       0.0
 27.64000       0.0
 27.65000       0.0
 27.66000       0.0
 27.67000       0.0
 27.68000       0.0
 27.69000       0.0
 27.70000       0.0
 27.71000       0.0
 27.72000       0.0
 27.73000       0.0
 27.74000       0.0
 27.75000       0.0
 27.76000       0.0
 27.77000       0.0
 27.78000       0.0
 27.79000       0.0
 27.80000       0.0
 27.81000       0.0
 27.82000       0.0
 27.83000       0.0
 27.84000       0.0
 27.85000       0.0
 27.86000       0.0
 27.87000       0.0
 27.88000       0.0
 27.89000       0.0
 27.90000       0.0
 27.91000       0.0
 27.92000       0.0
 27.93000       0.0
 27.94000       0.0
 27.95000       0.0
 27.96000       0.0
 27.97000       0.0
 27.98000       0.0
 27.99000       0.0
 28.00000       0.0
 28.01000       0.0
 28.02000       0.0
 28.03000       0.0
 28.04000       0.0
 28.05000       0.0
 28.06000       0.0
 28.07000       0.0
 28.08000       0.0
 28.09000       1.0
 28.10000       0.0
 28.11000       0.0
 28.12000       0.0
 28.13000       0.0
 28.14000       0.0
 28.15000       0.0
 28.16000       0.0
 28.17000       0.0
 28.18000       0.0
 28.19000       0.0
 28.20000       0.0
 28.21000       0.0
 28.22000       0.0
 28.23000       0.0
 28.24000       0.0
 28.25000       0.0
 28.26000       0.0
 28.27000       0.0
 28.28000       0.0
 28.29000       0.0
 28.30000       0.0
 28.31000       0.0
 28.32000       0.0
 28.33000       0.0
 28.34000       0.0
 28.35000       0.0
 28.36000       0.0
 28.37000       0.0
 28.38000       0.0
 28.39000       0.0
 28.40000       0.0
 28.41000       0.0
 28.42000       0.0
 28.43000       0.0
 28.44000       0.0
 28.45000       0.0
 28.46000       0.0
 28.47000       0.0
 28.48000       0.0
 28.49000       0.0
 28.50000       0.0
 28.51000       0.0
 28.52000       0.0
 28.53000       0.0
 28.54000       0.0
 28.55000       0.0
 28.56000       0.0
 28.57000       0.0
 28.58000       0.0
 28.59000       0.0
 28.60000       0.0
 28.61000       0.0
 28.62000       0.0
 28.63000       0.0
 28.64000       0.0
 28.65000       0.0
 28.66000       0.0
 28.67000       0.0
 28.68000       0.0
 28.69000       0.0
 28.70000       0.0
 28.71000       0.0
 28.72000       0.0
 28.73000       0.0
 28.74000       0.0
 28.75000       0.0
 28.76000       0.0
 28.77000       0.0
 28.78000       0.0
 28.79000       0.0
 28.80000       0.0
 28.81000       0.0
 28.82000       0.0
 28.83000       0.0
 28.84000       0.0
 28.85000       0.0
 28.86000       0.0
 28.87000       0.0
 28.88000       0.0
 28.89000       0.0
 28.90000       0.0
 28.91000       0.0
 28.92000       0.0
 28.93000       0.0
 28.94000       0.0
 28.95000       0.0
 28.96000       0.0
 28.97000       0.0
 28.98000       0.0
 28.99000       0.0
 29.00000       0.0
 29.01000       0.0
 29.02000       0.0
 29.03000       0.0
 29.04000       0.0
 29.05000       0.0
 29.06000       0.0
 29.07000       0.0
 29.08000       0.0
 29.09000       0.0
 29.10000       0.0
 29.11000       0.0
 29.12000       0.0
 29.13000       0.0
 29.14000       0.0
 29.15000       0.0
 29.16000       0.0
 29.17000       0.0
 29.18000       0.0
 29.19000       0.0
 29.20000       0.0
 29.21000       0.0
 29.22000       0.0
 29.23000       0.0
 29.24000       0.0
 29.25000       0.0
 29.26000       0.0
 29.27000       0.0
 29.28000       0.0
 29.29000       0.0
 29.30000       0.0
 29.31000       0.0
 29.32000       0.0
 29.33000       0.0
 29.34000       0.0
 29.35000       0.0
 29.36000       0.0
 29.37000       0.0
 29.38000       0.0
 29.39000       0.0
 29.40000       0.0
 29.41000       1.0
 29.42000       0.0
 29.43000       0.0
 29.44000       0.0
 29.45000       0.0
 29.46000       0.0
 29.47000       0.0
 29.48000       0.0
 29.49000       0.0
 29.50000       0.0
 29.51000       0.0
 29.52000       0.0
 29.53000       0.0
 29.54000       0.0
 29.55000       0.0
 29.56000       0.0
 29.57000       0.0
 29.58000       0.0
 29.59000       0.0
 29.60000       0.0
 29.61000       0.0
 29.62000       0.0
 29.63000       0.0
 29.64000       0.0
 29.65000       0.0
 29.66000       0.0
 29.67000       0.0
 29.68000       0.0
 29.69000       0.0
 29.70000       0.0
 29.71000       0.0
 29.72000       0.0
 29.73000       0.0
 29.74000       0.0
 29.75000       0.0
 29.76000       0.0
 29.77000       0.0
 29.78000       0.0
 29.79000       0.0
 29.80000       0.0
 29.81000       0.0
 29.82000       0.0
 29.83000       0.0
 29.84000       0.0
 29.85000       0.0
 29.86000       0.0
 29.87000       0.0
 29.88000       0.0
 29.89000       0.0
 29.90000       0.0
 29.91000       0.0
 29.92000       0.0
 29.93000       0.0
 29.94000       0.0
 29.95000       0.0
 29.96000       0.0
 29.97000       0.0
 29.98000       0.0
 29.99000       0.0
 30.00000       0.0
 30.01000       0.0
 30.02000       0.0
 30.03000       0.0
 30.04000       0.0
 30.05000       0.0
 30.06000       0.0
 30.07000       0.0
 30.08000       0.0
 30.09000       0.0
 30.10000       0.0
 30.11000       0.0
 30.12000       0.0
 30.13000       0.0
 30.14000       0.0
 30.15000       0.0
 30.16000       0.0
 30.17000       0.0
 30.18000       0.0
 30.19000       0.0
 30.20000       0.0
 30.21000       0.0
 30.22000       0.0
 30.23000       0.0
 30.24000       0.0
 30.25000       0.0
 30.26000       0.0
 30.27000       0.0
 30.28000       0.0
 30.29000       0.0
 30.30000       0.0
 30.31000       0.0
 30.32000       0.0
 30.33000       0.0
 30.34000       0.0
 30.35000       0.0
 30.36000       0.0
 30.37000       0.0
 30.38000       0.0
 30.39000       0.0
 30.40000       0.0
 30.41000       0.0
 30.42000       0.0
 30.43000       0.0
 30.44000       0.0
 30.45000       0.0
 30.46000       0.0
 30.47000       0.0
 30.48000       0.0
 30.49000       0.0
 30.50000       0.0
 30.51000       0.0
 30.52000       0.0
 30.53000       0.0
 30.54000       0.0
 30.55000       0.0
 30.56000       0.0
 30.57000       0.0
 30.58000       0.0
 30.59000       0.0
 30.60000       0.0
 30.61000       0.0
 30.62000       0.0
 30.63000       0.0
 30.64000       0.0
 30.65000       0.0
 30.66000       0.0
 30.67000       0.0
 30.68000       0.0
 30.69000       1.0
 30.70000       0.0
 30.71000       0.0
 30.72000       0.0
 30.73000       0.0
 30.74000       0.0
 30.75000       0.0
 30.76000       0.0
 30.77000       0.0
 30.78000       0.0
 30.79000       0.0
 30.80000       0.0
 30.81000       0.0
 30.82000       0.0
 30.83000       0.0
 30.84000       0.0
 30.85000       0.0
 30.86000       0.0
 30.87000       0.0
 30.88000       0.0
 30.89000       0.0
 30.90000       0.0
 30.91000       0.0
 30.92000       0.0
 30.93000       0.0
 30.94000       0.0
 30.95000       0.0
 30.96000       0.0
 30.97000       0.0
 30.98000       0.0
 30.99000       0.0
 31.00000       0.0
 31.01000       0.0
 31.02000       0.0
 31.03000       0.0
 31.04000       0.0
 31.05000       1.0
 31.06000       0.0
 31.07000       0.0
 31.08000       0.0
 31.09000       0.0
 31.10000       0.0
 31.11000       0.0
 31.12000       0.0
 31.13000       0.0
 31.14000       0.0
 31.15000       0.0
 31.16000       0.0
 31.17000       0.0
 31.18000       0.0
 31.19000       0.0
 31.20000       0.0
 31.21000       0.0
 31.22000       0.0
 31.23000       0.0
 31.24000       0.0
 31.25000       0.0
 31.26000       0.0
 31.27000       0.0
 31.28000       0.0
 31.29000       0.0
 31.30000       0.0
 31.31000       0.0
 31.32000       0.0
 31.33000       0.0
 31.34000       0.0
 31.35000       0.0
 31.36000       0.0
 31.37000       0.0
 31.38000       0.0
 31.39000       0.0
 31.40000       0.0
 31.41000       0.0
 31.42000       0.0
 31.43000       0.0
 31.44000       0.0
 31.45000       0.0
 31.46000       0.0
 31.47000       0.0
 31.48000       0.0
 31.49000       0.0
 31.50000       0.0
 31.51000       0.0
 31.52000       0.0
 31.53000       0.0
 31.54000       0.0
 31.55000       0.0
 31.56000       0.0
 31.57000       0.0
 31.58000       0.0
 31.59000       0.0
 31.60000       0.0
 31.61000       0.0
 31.62000       0.0
 31.63000       0.0
 31.64000       0.0
 31.65000       0.0
 31.66000       0.0
 31.67000       0.0
 31.68000       0.0
 31.69000       0.0
 31.70000       0.0
 31.71000       0.0
 31.72000       0.0
 31.73000       1.0
 31.74000       0.0
 31.75000       0.0
 31.76000       0.0
 31.77000       0.0
 31.78000       0.0
 31.79000       0.0
 31.80000       0.0
 31.81000       0.0
 31.82000       0.0
 31.83000       0.0
 31.84000       0.0
 31.85000       0.0
 31.86000       0.0
 31.87000       0.0
 31.88000       0.0
 31.89000       0.0
 31.90000       0.0
 31.91000       0.0
 31.92000       0.0
 31.93000       0.0
 31.94000       0.0
 31.95000       0.0
 31.96000       0.0
 31.97000       0.0
 31.98000       0.0
 31.99000       0.0
 32.00000       0.0
 32.01000       0.0
 32.02000       0.0
 32.03000       0.0
 32.04000       0.0
 32.05000       0.0
 32.06000       0.0
 32.07000       0.0
 32.08000       0.0
 32.09000       0.0
 32.10000       0.0
 32.11000       0.0
 32.12000       0.0
 32.13000       0.0
 32.14000       0.0
 32.15000       0.0
 32.16000       0.0
 32.17000       0.0
 32.18000       0.0
 32.19000       0.0
 32.20000       0.0
 32.21000       0.0
 32.22000       0.0
 32.23000       0.0
 32.24000       0.0
 32.25000       0.0
 32.26000       0.0
 32.27000       0.0
 32.28000       0.0
 32.29000       0.0
 32.30000       0.0
 32.31000       0.0
 32.32000       0.0
 32.33000       0.0
 32.34000       0.0
 32.35000       0.0
 32.36000       0.0
 32.37000       0.0
 32.38000       0.0
 32.39000       0.0
 32.40000       0.0
 32.41000       0.0
 32.42000       0.0
 32.43000       0.0
 32.44000       0.0
 32.45000       0.0
 32.46000       0.0
 32.47000       0.0
 32.48000       0.0
 32.49000       0.0
 32.50000       0.0
 32.51000       0.0
 32.52000       0.0
 32.53000       0.0
 32.54000       0.0
 32.55000       0.0
 32.56000       0.0
 32.57000       0.0
 32.58000       0.0
 32.59000       0.0
 32.60000       0.0
 32.61000       0.0
 32.62000       0.0
 32.63000       0.0
 32.64000       0.0
 32.65000       0.0
 32.66000       0.0
 32.67000       0.0
 32.68000       0.0
 32.69000       0.0
 32.70000       0.0
 32.71000       0.0
 32.72000       0.0
 32.73000       1.0
 32.74000       0.0
 32.75000       0.0
 32.76000       0.0
 32.77000       0.0
 32.78000       0.0
 32.79000       0.0
 32.80000       0.0
 32.81000       0.0
 32.82000       0.0
 32.83000       0.0
 32.84000       0.0
 32.85000       0.0
 32.86000       0.0
 32.87000       0.0
 32.88000       0.0
 32.89000       0.0
 32.90000       0.0
 32.91000       0.0
 32.92000       0.0
 32.93000       0.0
 32.94000       0.0
 32.95000       0.0
 32.96000       0.0
 32.97000       0.0
 32.98000       0.0
 32.99000       0.0
 33.00000       0.0
 33.01000       0.0
 33.02000       0.0
 33.03000       0.0
 33.04000       0.0
 33.05000       0.0
 33.06000       0.0
 33.07000       0.0
 33.08000       0.0
 33.09000       0.0
 33.10000       0.0
 33.11000       0.0
 33.12000       0.0
 33.13000       0.0
 33.14000       0.0
 33.15000       0.0
 33.16000       0.0
 33.17000       0.0
 33.18000       0.0
 33.19000       0.0
 33.20000       0.0
 33.21000       0.0
 33.22000       0.0
 33.23000       0.0
 33.24000       0.0
 33.25000       0.0
 33.26000       0.0
 33.27000       0.0
 33.28000       0.0
 33.29000       0.0
 33.30000       0.0
 33.31000       0.0
 33.32000       0.0
 33.33000       0.0
 33.34000       0.0
 33.35000       0.0
 33.36000       0.0
 33.37000       0.0
 33.38000       0.0
 33.39000       0.0
 33.40000       0.0
 33.41000       0.0
 33.42000       0.0
 33.43000       0.0
 33.44000       0.0
 33.45000       0.0
 33.46000       0.0
 33.47000       0.0
 33.48000       0.0
 33.49000       0.0
 33.50000       0.0
 33.51000       0.0
 33.52000       0.0
 33.53000       0.0
 33.54000       0.0
 33.55000       0.0
 33.56000       0.0
 33.57000       0.0
 33.58000       0.0
 33.59000       0.0
 33.60000       0.0
 33.61000       0.0
 33.62000       0.0
 33.63000       0.0
 33.64000       0.0
 33.65000       0.0
 33.66000       0.0
 33.67000       0.0
 33.68000       0.0
 33.69000       0.0
 33.70000       0.0
 33.71000       0.0
 33.72000       0.0
 33.73000       0.0
 33.74000       0.0
 33.75000       0.0
 33.76000       0.0
 33.77000       0.0
 33.78000       0.0
 33.79000       0.0
 33.80000       0.0
 33.81000       0.0
 33.82000       0.0
 33.83000       0.0
 33.84000       0.0
 33.85000       0.0
 33.86000       0.0
 33.87000       0.0
 33.88000       0.0
 33.89000       0.0
 33.90000       0.0
 33.91000       0.0
 33.92000       0.0
 33.93000       0.0
 33.94000       0.0
 33.95000       0.0
 33.96000       0.0
 33.97000       0.0
 33.98000       0.0
 33.99000       0.0
 34.00000       0.0
 34.01000       0.0
 34.02000       0.0
 34.03000       0.0
 34.04000       0.0
 34.05000       0.0
 34.06000       0.0
 34.07000       0.0
 34.08000       0.0
 34.09000       0.0
 34.10000       0.0
 34.11000       0.0
 34.12000       0.0
 34.13000       0.0
 34.14000       0.0
 34.15000       0.0
 34.16000       0.0
 34.17000       0.0
 34.18000       0.0
 34.19000       0.0
 34.20000       0.0
 34.21000       0.0
 34.22000       0.0
 34.23000       0.0
 34.24000       0.0
 34.25000       0.0
 34.26000       0.0
 34.27000       0.0
 34.28000       0.0
 34.29000       0.0
 34.30000       0.0
 34.31000       0.0
 34.32000       0.0
 34.33000       0.0
 34.34000       0.0
 34.35000       0.0
 34.36000       0.0
 34.37000       0.0
 34.38000       0.0
 34.39000       0.0
 34.40000       0.0
 34.41000       0.0
 34.42000       0.0
 34.43000       0.0
 34.44000       0.0
 34.45000       0.0
 34.46000       0.0
 34.47000       0.0
 34.48000       0.0
 34.49000       0.0
 34.50000       0.0
 34.51000       0.0
 34.52000       1.0
 34.53000       0.0
 34.54000       0.0
 34.55000       0.0
 34.56000       0.0
 34.57000       0.0
 34.58000       0.0
 34.59000       0.0
 34.60000       1.0
 34.61000       0.0
 34.62000       0.0
 34.63000       0.0
 34.64000       0.0
 34.65000       0.0
 34.66000       0.0
 34.67000       0.0
 34.68000       0.0
 34.69000       0.0
 34.70000       0.0
 34.71000       0.0
 34.72000       0.0
 34.73000       0.0
 34.74000       0.0
 34.75000       0.0
 34.76000       0.0
 34.77000       0.0
 34.78000       0.0
 34.79000       0.0
 34.80000       0.0
 34.81000       0.0
 34.82000       0.0
 34.83000       0.0
 34.84000       0.0
 34.85000       0.0
 34.86000       0.0
 34.87000       0.0
 34.88000       0.0
 34.89000       0.0
 34.90000       0.0
 34.91000       0.0
 34.92000       0.0
 34.93000       0.0
 34.94000       0.0
 34.95000       0.0
 34.96000       0.0
 34.97000       0.0
 34.98000       0.0
 34.99000       0.0
 35.00000       0.0
 35.01000       0.0
 35.02000       0.0
 35.03000       0.0
 35.04000       0.0
 35.05000       0.0
 35.06000       1.0
 35.07000       0.0
 35.08000       0.0
 35.09000       0.0
 35.10000       0.0
 35.11000       0.0
 35.12000       0.0
 35.13000       0.0
 35.14000       0.0
 35.15000       0.0
 35.16000       0.0
 35.17000       0.0
 35.18000       0.0
 35.19000       0.0
 35.20000       0.0
 35.21000       0.0
 35.22000       0.0
 35.23000       0.0
 35.24000       0.0
 35.25000       0.0
 35.26000       0.0
 35.27000       0.0
 35.28000       0.0
 35.29000       0.0
 35.30000       0.0
 35.31000       0.0
 35.32000       0.0
 35.33000       0.0
 35.34000       0.0
 35.35000       0.0
 35.36000       0.0
 35.37000       0.0
 35.38000       0.0
 35.39000       0.0
 35.40000       0.0
 35.41000       0.0
 35.42000       0.0
 35.43000       0.0
 35.44000       0.0
 35.45000       0.0
 35.46000       0.0
 35.47000       0.0
 35.48000       0.0
 35.49000       0.0
 35.50000       0.0
 35.51000       0.0
 35.52000       0.0
 35.53000       0.0
 35.54000       0.0
 35.55000       0.0
 35.56000       0.0
 35.57000       0.0
 35.58000       0.0
 35.59000       0.0
 35.60000       0.0
 35.61000       0.0
 35.62000       0.0
 35.63000       0.0
 35.64000       0.0
 35.65000       0.0
 35.66000       0.0
 35.67000       0.0
 35.68000       0.0
 35.69000       0.0
 35.70000       0.0
 35.71000       0.0
 35.72000       0.0
 35.73000       0.0
 35.74000       0.0
 35.75000       0.0
 35.76000       0.0
 35.77000       0.0
 35.78000       0.0
 35.79000       0.0
 35.80000       0.0
 35.81000       0.0
 35.82000       0.0
 35.83000       0.0
 35.84000       0.0
 35.85000       0.0
 35.86000       0.0
 35.87000       0.0
 35.88000       0.0
 35.89000       0.0
 35.90000       0.0
 35.91000       0.0
 35.92000       0.0
 35.93000       0.0
 35.94000       0.0
 35.95000       0.0
 35.96000       0.0
 35.97000       0.0
 35.98000       0.0
 35.99000       0.0
 36.00000       0.0
 36.01000       0.0
 36.02000       0.0
 36.03000       0.0
 36.04000       0.0
 36.05000       0.0
 36.06000       0.0
 36.07000       0.0
 36.08000       0.0
 36.09000       0.0
 36.10000       0.0
 36.11000       0.0
 36.12000       0.0
 36.13000       0.0
 36.14000       0.0
 36.15000       0.0
 36.16000       0.0
 36.17000       0.0
 36.18000       0.0
 36.19000       0.0
 36.20000       0.0
 36.21000       0.0
 36.22000       0.0
 36.23000       0.0
 36.24000       0.0
 36.25000       0.0
 36.26000       0.0
 36.27000       0.0
 36.28000       0.0
 36.29000       0.0
 36.30000       0.0
 36.31000       0.0
 36.32000       0.0
 36.33000       0.0
 36.34000       0.0
 36.35000       0.0
 36.36000       0.0
 36.37000       0.0
 36.38000       0.0
 36.39000       0.0
 36.40000       0.0
 36.41000       0.0
 36.42000       0.0
 36.43000       0.0
 36.44000       0.0
 36.45000       0.0
 36.46000       0.0
 36.47000       0.0
 36.48000       0.0
 36.49000       0.0
 36.50000       0.0
 36.51000       0.0
 36.52000       0.0
 36.53000       0.0
 36.54000       0.0
 36.55000       0.0
 36.56000       0.0
 36.57000       0.0
 36.58000       0.0
 36.59000       0.0
 36.60000       0.0
 36.61000       0.0
 36.62000       0.0
 36.63000       0.0
 36.64000       0.0
 36.65000       0.0
 36.66000       0.0
 36.67000       0.0
 36.68000       0.0
 36.69000       0.0
 36.70000       0.0
 36.71000       0.0
 36.72000       0.0
 36.73000       0.0
 36.74000       0.0
 36.75000       0.0
 36.76000       0.0
 36.77000       0.0
 36.78000       0.0
 36.79000       0.0
 36.80000       0.0
 36.81000       0.0
 36.82000       0.0
 36.83000       0.0
 36.84000       0.0
 36.85000       0.0
 36.86000       0.0
 36.87000       0.0
 36.88000       0.0
 36.89000       0.0
 36.90000       0.0
 36.91000       0.0
 36.92000       0.0
 36.93000       0.0
 36.94000       0.0
 36.95000       0.0
 36.96000       0.0
 36.97000       0.0
 36.98000       0.0
 36.99000       0.0
 37.00000       0.0
 37.01000       0.0
 37.02000       0.0
 37.03000       0.0
 37.04000       0.0
 37.05000       0.0
 37.06000       0.0
 37.07000       0.0
 37.08000       0.0
 37.09000       0.0
 37.10000       0.0
 37.11000       0.0
 37.12000       0.0
 37.13000       0.0
 37.14000       0.0
 37.15000       0.0
 37.16000       0.0
 37.17000       0.0
 37.18000       0.0
 37.19000       0.0
 37.20000       0.0
 37.21000       0.0
 37.22000       0.0
 37.23000       0.0
 37.24000       0.0
 37.25000       0.0
 37.26000       0.0
 37.27000       0.0
 37.28000       0.0
 37.29000       0.0
 37.30000       0.0
 37.31000       0.0
 37.32000       0.0
 37.33000       0.0
 37.34000       0.0
 37.35000       0.0
 37.36000       0.0
 37.37000       0.0
 37.38000       0.0
 37.39000       0.0
 37.40000       0.0
 37.41000       0.0
 37.42000       0.0
 37.43000       0.0
 37.44000       0.0
 37.45000       0.0
 37.46000       0.0
 37.47000       0.0
 37.48000       0.0
 37.49000       0.0
 37.50000       0.0
 37.51000       0.0
 37.52000       0.0
 37.53000       0.0
 37.54000       0.0
 37.55000       0.0
 37.56000       0.0
 37.57000       0.0
 37.58000       0.0
 37.59000       0.0
 37.60000       0.0
 37.61000       0.0
 37.62000       0.0
 37.63000       0.0
 37.64000       0.0
 37.65000       0.0
 37.66000       0.0
 37.67000       0.0
 37.68000       0.0
 37.69000       0.0
 37.70000       0.0
 37.71000       0.0
 37.72000       0.0
 37.73000       0.0
 37.74000       0.0
 37.75000       0.0
 37.76000       0.0
 37.77000       0.0
 37.78000       0.0
 37.79000       0.0
 37.80000       0.0
 37.81000       0.0
 37.82000       0.0
 37.83000       0.0
 37.84000       0.0
 37.85000       0.0
 37.86000       0.0
 37.87000       0.0
 37.88000       0.0
 37.89000       0.0
 37.90000       0.0
 37.91000       0.0
 37.92000       0.0
 37.93000       0.0
 37.94000       0.0
 37.95000       0.0
 37.96000       0.0
 37.97000       0.0
 37.98000       0.0
 37.99000       0.0
 38.00000       0.0
 38.01000       0.0
 38.02000       0.0
 38.03000       0.0
 38.04000       0.0
 38.05000       0.0
 38.06000       0.0
 38.07000       0.0
 38.08000       0.0
 38.09000       0.0
 38.10000       0.0
 38.11000       0.0
 38.12000       0.0
 38.13000       0.0
 38.14000       0.0
 38.15000       0.0
 38.16000       0.0
 38.17000       0.0
 38.18000       0.0
 38.19000       0.0
 38.20000       0.0
 38.21000       0.0
 38.22000       0.0
 38.23000       0.0
 38.24000       0.0
 38.25000       0.0
 38.26000       0.0
 38.27000       0.0
 38.28000       0.0
 38.29000       0.0
 38.30000       0.0
 38.31000       0.0
 38.32000       0.0
 38.33000       0.0
 38.34000       0.0
 38.35000       0.0
 38.36000       0.0
 38.37000       0.0
 38.38000       0.0
 38.39000       0.0
 38.40000       0.0
 38.41000       0.0
 38.42000       0.0
 38.43000       0.0
 38.44000       0.0
 38.45000       0.0
 38.46000       0.0
 38.47000       0.0
 38.48000       0.0
 38.49000       0.0
 38.50000       0.0
 38.51000       0.0
 38.52000       0.0
 38.53000       0.0
 38.54000       0.0
 38.55000       0.0
 38.56000       0.0
 38.57000       0.0
 38.58000       0.0
 38.59000       0.0
 38.60000       0.0
 38.61000       0.0
 38.62000       0.0
 38.63000       0.0
 38.64000       0.0
 38.65000       0.0
 38.66000       0.0
 38.67000       0.0
 38.68000       0.0
 38.69000       0.0
 38.70000       0.0
 38.71000       0.0
 38.72000       0.0
 38.73000       0.0
 38.74000       0.0
 38.75000       0.0
 38.76000       0.0
 38.77000       0.0
 38.78000       0.0
 38.79000       0.0
 38.80000       0.0
 38.81000       0.0
 38.82000       0.0
 38.83000       0.0
 38.84000       0.0
 38.85000       0.0
 38.86000       0.0
 38.87000       0.0
 38.88000       0.0
 38.89000       0.0
 38.90000       0.0
 38.91000       0.0
 38.92000       0.0
 38.93000       0.0
 38.94000       0.0
 38.95000       0.0
 38.96000       0.0
 38.97000       0.0
 38.98000       0.0
 38.99000       0.0
 39.00000       0.0
 39.01000       0.0
 39.02000       0.0
 39.03000       0.0
 39.04000       0.0
 39.05000       0.0
 39.06000       0.0
 39.07000       0.0
 39.08000       0.0
 39.09000       0.0
 39.10000       0.0
 39.11000       0.0
 39.12000       0.0
 39.13000       0.0
 39.14000       0.0
 39.15000       0.0
 39.16000       0.0
 39.17000       0.0
 39.18000       0.0
 39.19000       0.0
 39.20000       0.0
 39.21000       0.0
 39.22000       0.0
 39.23000       0.0
 39.24000       0.0
 39.25000       0.0
 39.26000       0.0
 39.27000       0.0
 39.28000       0.0
 39.29000       0.0
 39.30000       0.0
 39.31000       0.0
 39.32000       0.0
 39.33000       0.0
 39.34000       0.0
 39.35000       0.0
 39.36000       0.0
 39.37000       0.0
 39.38000       0.0
 39.39000       0.0
 39.40000       0.0
 39.41000       0.0
 39.42000       0.0
 39.43000       0.0
 39.44000       0.0
 39.45000       0.0
 39.46000       0.0
 39.47000       0.0
 39.48000       0.0
 39.49000       0.0
 39.50000       0.0
 39.51000       0.0
 39.52000       0.0
 39.53000       0.0
 39.54000       0.0
 39.55000       0.0
 39.56000       0.0
 39.57000       0.0
 39.58000       0.0
 39.59000       0.0
 39.60000       0.0
 39.61000       0.0
 39.62000       0.0
 39.63000       0.0
 39.64000       0.0
 39.65000       0.0
 39.66000       0.0
 39.67000       0.0
 39.68000       0.0
 39.69000       0.0
 39.70000       0.0
 39.71000       0.0
 39.72000       0.0
 39.73000       0.0
 39.74000       0.0
 39.75000       0.0
 39.76000       0.0
 39.77000       0.0
 39.78000       0.0
 39.79000       0.0
 39.80000       0.0
 39.81000       0.0
 39.82000       0.0
 39.83000       0.0
 39.84000       0.0
 39.85000       0.0
 39.86000       0.0
 39.87000       0.0
 39.88000       0.0
 39.89000       0.0
 39.90000       0.0
 39.91000       0.0
 39.92000       0.0
 39.93000       0.0
 39.94000       0.0
 39.95000       0.0
 39.96000       0.0
 39.97000       0.0
 39.98000       0.0
 39.99000       0.0
 40.00000       0.0
 40.01000       0.0
 40.02000       0.0
 40.03000       0.0
 40.04000       0.0
 40.05000       0.0
 40.06000       0.0
 40.07000       0.0
 40.08000       0.0
 40.09000       0.0
 40.10000       0.0
 40.11000       0.0
 40.12000       0.0
 40.13000       0.0
 40.14000       0.0
 40.15000       0.0
 40.16000       0.0
 40.17000       0.0
 40.18000       0.0
 40.19000       0.0
 40.20000       0.0
 40.21000       0.0
 40.22000       0.0
 40.23000       0.0
 40.24000       0.0
 40.25000       0.0
 40.26000       0.0
 40.27000       0.0
 40.28000       0.0
 40.29000       0.0
 40.30000       0.0
 40.31000       0.0
 40.32000       0.0
 40.33000       0.0
 40.34000       0.0
 40.35000       0.0
 40.36000       0.0
 40.37000       0.0
 40.38000       0.0
 40.39000       0.0
 40.40000       0.0
 40.41000       0.0
 40.42000       0.0
 40.43000       0.0
 40.44000       0.0
 40.45000       0.0
 40.46000       0.0
 40.47000       0.0
 40.48000       0.0
 40.49000       0.0
 40.50000       0.0
 40.51000       0.0
 40.52000       0.0
 40.53000       0.0
 40.54000       0.0
 40.55000       0.0
 40.56000       0.0
 40.57000       0.0
 40.58000       0.0
 40.59000       0.0
 40.60000       0.0
 40.61000       0.0
 40.62000       0.0
 40.63000       0.0
 40.64000       0.0
 40.65000       0.0
 40.66000       0.0
 40.67000       0.0
 40.68000       0.0
 40.69000       0.0
 40.70000       0.0
 40.71000       0.0
 40.72000       0.0
 40.73000       0.0
 40.74000       0.0
 40.75000       0.0
 40.76000       0.0
 40.77000       0.0
 40.78000       0.0
 40.79000       0.0
 40.80000       0.0
 40.81000       0.0
 40.82000       0.0
 40.83000       0.0
 40.84000       0.0
 40.85000       0.0
 40.86000       0.0
 40.87000       0.0
 40.88000       0.0
 40.89000       0.0
 40.90000       0.0
 40.91000       0.0
 40.92000       0.0
 40.93000       0.0
 40.94000       0.0
 40.95000       0.0
